<!DOCTYPE HTML>
<html>
  <head>
    <meta charset="UTF-8">
    <title>AME results</title>
    <script type="text/javascript">
      //@JSON_VAR data
      var data = {
        "version": "4.11.1",
        "revision": "f26a4af60723490374bbb05f050f70f1f2976369",
        "release": "Fri Jan 15 12:51:59 2016 -0800",
        "cmd": [
          "ame", "--verbose", "1", "--oc",
          "Positive_Sets/logP20/Ame/ame_posSeq_20_2a", "--control",
          "Positive_Sets/logP20/Sampling/Shuffled/shuffled_posSeq_20_2a.fa",
          "--bgformat", "1", "--scoring", "avg", "--method", "ranksum",
          "--pvalue-report-threshold", "0.05",
          "Positive_Sets/logP20/Sampling/posSeq_20_2a.fa",
          "PWMs/HOCOMOCOv10_HUMAN_mono_meme_format.meme"
        ],
        "options": {
          "scoring": "avg_odds",
          "rs_method": "quick",
          "positive_list": "FASTA",
          "pvalue_method": "Wilcoxon rank-sum test",
          "pseudocount": 0.25,
          "fisher_pwm_threshold": 1,
          "fisher_fasta_threshold": 0.001,
          "pvalue_threshold": 0.0002,
          "pvalue_report_threshold": 0.05,
          "length_correction": false,
          "log_fscores": false,
          "log_pwmscores": false,
          "linreg_normalise": false,
          "linreg_switchxy": true,
          "fix_partition": true,
          "partition": "number of primary sequences"
        },
        "motif_dbs": [
          {
            "source": "PWMs/HOCOMOCOv10_HUMAN_mono_meme_format.meme",
            "count": 641
          }
        ],
        "alphabet": {
          "name": "DNA",
          "like": "dna",
          "ncore": 4,
          "symbols": [
            {
              "symbol": "A",
              "name": "Adenine",
              "colour": "CC0000",
              "complement": "T"
            }, {
              "symbol": "C",
              "name": "Cytosine",
              "colour": "0000CC",
              "complement": "G"
            }, {
              "symbol": "G",
              "name": "Guanine",
              "colour": "FFB300",
              "complement": "C"
            }, {
              "symbol": "T",
              "aliases": "U",
              "name": "Thymine",
              "colour": "008000",
              "complement": "A"
            }, {
              "symbol": "N",
              "aliases": "X.",
              "name": "Any base",
              "equals": "ACGT"
            }, {
              "symbol": "V",
              "name": "Not T",
              "equals": "ACG"
            }, {
              "symbol": "H",
              "name": "Not G",
              "equals": "ACT"
            }, {
              "symbol": "D",
              "name": "Not C",
              "equals": "AGT"
            }, {
              "symbol": "B",
              "name": "Not A",
              "equals": "CGT"
            }, {
              "symbol": "M",
              "name": "Amino",
              "equals": "AC"
            }, {
              "symbol": "R",
              "name": "Purine",
              "equals": "AG"
            }, {
              "symbol": "W",
              "name": "Weak",
              "equals": "AT"
            }, {
              "symbol": "S",
              "name": "Strong",
              "equals": "CG"
            }, {
              "symbol": "Y",
              "name": "Pyrimidine",
              "equals": "CT"
            }, {
              "symbol": "K",
              "name": "Keto",
              "equals": "GT"
            }
          ]
        },
        "background": {
          "source": "motif",
          "frequencies": [0.25, 0.25, 0.25, 0.25]
        },
        "sequence_db": {
          "source": "Positive_Sets/logP20/Sampling/posSeq_20_2a.fa",
          "count": 218
        },
        "control_db": {
          "source": "Positive_Sets/logP20/Sampling/Shuffled/shuffled_posSeq_20_2a.fa",
          "count": 218
        },
        "min_sequence_score": 2.64492e-24,
        "max_sequence_score": 733037,
        "max_median_sequence_score": 1.9457,
        "motifs": [
          {
            "db": 0,
            "id": "SP1_HUMAN.H10MO.C",
            "len": 19,
            "motif_evalue": 0,
            "motif_nsites": 2933,
            "url": "http://hocomoco.autosome.ru/motif/SP1_HUMAN.H10MO.C",
            "pwm": [
              [0.181478, 0.189037, 0.531367, 0.0981176], 
              [0.219906, 0.174073, 0.470618, 0.135402], 
              [0.164301, 0.140478, 0.593827, 0.101393], 
              [0.259822, 0.199956, 0.444636, 0.0955858], 
              [0.35816, 0.177811, 0.318882, 0.145147], 
              [0.213271, 0.126067, 0.58288, 0.0777821], 
              [0.107841, 0.0218172, 0.72972, 0.140621], 
              [0.162134, 0.00479387, 0.82679, 0.00628209], 
              [0.00305084, 0.00463173, 0.988417, 0.00389999], 
              [0.00657124, 0.0115707, 0.980878, 0.000980051], 
              [0.182839, 0.647549, 0.0212383, 0.148374], 
              [0.0174014, 0.00969115, 0.939877, 0.0330305], 
              [0.0149554, 0.0148539, 0.929022, 0.0411688], 
              [0.164374, 0.0501088, 0.744728, 0.0407891], 
              [0.0847792, 0.0705063, 0.798261, 0.046454], 
              [0.147309, 0.54892, 0.191363, 0.112408], 
              [0.0951984, 0.432656, 0.261795, 0.210351], 
              [0.269346, 0.156976, 0.371338, 0.20234], 
              [0.206952, 0.225024, 0.474475, 0.0935489]
            ],
            "pvalue": 5.18217e-12,
            "corrected_pvalue": 3.32177e-09
          }, {
            "db": 0,
            "id": "SP1_HUMAN.H10MO.S",
            "len": 11,
            "motif_evalue": 0,
            "motif_nsites": 3489,
            "url": "http://hocomoco.autosome.ru/motif/SP1_HUMAN.H10MO.S",
            "pwm": [
              [0.195679, 0.127034, 0.594948, 0.0823393], 
              [0.0859727, 0.0297531, 0.749219, 0.135055], 
              [0.169552, 0.0122372, 0.815507, 0.00270342], 
              [0.00204465, 0.0129993, 0.983961, 0.000995062], 
              [0.0261891, 0.00550778, 0.966985, 0.00131815], 
              [0.231955, 0.644043, 0.0175901, 0.106412], 
              [0.0345745, 0.0121807, 0.929294, 0.023951], 
              [0.00395188, 0.0102957, 0.955162, 0.0305908], 
              [0.159987, 0.0258164, 0.772425, 0.0417713], 
              [0.0756889, 0.0730258, 0.801668, 0.0496176], 
              [0.148907, 0.537417, 0.187624, 0.126052]
            ],
            "pvalue": 6.63682e-12,
            "corrected_pvalue": 4.2542e-09
          }, {
            "db": 0,
            "id": "SP3_HUMAN.H10MO.B",
            "len": 20,
            "motif_evalue": 0,
            "motif_nsites": 415,
            "url": "http://hocomoco.autosome.ru/motif/SP3_HUMAN.H10MO.B",
            "pwm": [
              [0.207631, 0.226445, 0.418498, 0.147426], 
              [0.175647, 0.218393, 0.474714, 0.131246], 
              [0.228025, 0.220048, 0.438892, 0.113034], 
              [0.276189, 0.219296, 0.389223, 0.115292], 
              [0.171884, 0.199729, 0.554485, 0.0739013], 
              [0.120861, 0.0751054, 0.638019, 0.166014], 
              [0.138621, 0.0025587, 0.854455, 0.00436484], 
              [0.0025587, 0.0103853, 0.976972, 0.0100843], 
              [0.00978326, 0.019717, 0.965834, 0.00466586], 
              [0.234497, 0.627333, 0.0507225, 0.0874473], 
              [0.0445515, 0.0344672, 0.889825, 0.0311559], 
              [0.00737508, 0.0149007, 0.871312, 0.106412], 
              [0.189494, 0.0350692, 0.718995, 0.0564419], 
              [0.0952739, 0.133203, 0.734347, 0.0371764], 
              [0.114238, 0.553733, 0.239163, 0.0928657], 
              [0.112131, 0.367098, 0.315473, 0.205298], 
              [0.257526, 0.133052, 0.449729, 0.159693], 
              [0.200632, 0.16752, 0.515653, 0.116195], 
              [0.163907, 0.265051, 0.455449, 0.115593], 
              [0.182119, 0.241872, 0.449729, 0.126279]
            ],
            "pvalue": 1.24762e-11,
            "corrected_pvalue": 7.99726e-09
          }, {
            "db": 0,
            "id": "EGR1_HUMAN.H10MO.A",
            "len": 18,
            "motif_evalue": 0,
            "motif_nsites": 500,
            "url": "http://hocomoco.autosome.ru/motif/EGR1_HUMAN.H10MO.A",
            "pwm": [
              [0.18966, 0.19159, 0.439113, 0.179637], 
              [0.208889, 0.206603, 0.446112, 0.138396], 
              [0.212309, 0.144783, 0.451574, 0.191333], 
              [0.269994, 0.141032, 0.467943, 0.121031], 
              [0.222217, 0.0740965, 0.380107, 0.32358], 
              [0.115867, 0.0819807, 0.756563, 0.0455892], 
              [0.168181, 0.484459, 0.049345, 0.298015], 
              [0.0407738, 0.0420109, 0.808354, 0.108862], 
              [0.0349765, 0.00731611, 0.451047, 0.50666], 
              [0.160912, 0.00377849, 0.80434, 0.0309691], 
              [0.00748481, 0.000124938, 0.975435, 0.0169554], 
              [0.0312247, 0.0386584, 0.91424, 0.0158766], 
              [0.262287, 0.451848, 0.00611609, 0.279749], 
              [0.180398, 0.0113696, 0.749371, 0.058862], 
              [0.07273, 0.0113953, 0.774735, 0.14114], 
              [0.235912, 0.0917039, 0.53371, 0.138674], 
              [0.277921, 0.0976534, 0.458261, 0.166164], 
              [0.218523, 0.183516, 0.489117, 0.108844]
            ],
            "pvalue": 1.81853e-11,
            "corrected_pvalue": 1.16568e-08
          }, {
            "db": 0,
            "id": "KLF4_HUMAN.H10MO.A",
            "len": 10,
            "motif_evalue": 0,
            "motif_nsites": 3622,
            "url": "http://hocomoco.autosome.ru/motif/KLF4_HUMAN.H10MO.A",
            "pwm": [
              [0.340584, 0.0257454, 0.28623, 0.347441], 
              [0.0729037, 0.00148463, 0.92431, 0.00130121], 
              [0.021214, 0.00185147, 0.974533, 0.00240174], 
              [0.0159931, 0.0050155, 0.972005, 0.00698652], 
              [0.143094, 0.426852, 0.00620115, 0.423852], 
              [0.0381149, 0.00258516, 0.95433, 0.00496964], 
              [0.0318459, 0.0225249, 0.514112, 0.431517], 
              [0.062917, 0.0118472, 0.905271, 0.0199644], 
              [0.0300394, 0.0371462, 0.87331, 0.0595048], 
              [0.0658677, 0.614619, 0.111125, 0.208389]
            ],
            "pvalue": 5.05262e-11,
            "corrected_pvalue": 3.23873e-08
          }, {
            "db": 0,
            "id": "BACH1_HUMAN.H10MO.A",
            "len": 13,
            "motif_evalue": 0,
            "motif_nsites": 500,
            "url": "http://hocomoco.autosome.ru/motif/BACH1_HUMAN.H10MO.A",
            "pwm": [
              [0.0629075, 0.168206, 0.0975904, 0.671296], 
              [0.00927886, 0.06648, 0.922135, 0.0021064], 
              [0.0209831, 0.96731, 0.00404821, 0.00765824], 
              [0.0362823, 0.0796343, 0.0801899, 0.803893], 
              [0.00397203, 0.061413, 0.890695, 0.0439197], 
              [0.802655, 0.0206878, 0.12456, 0.0520972], 
              [0.0133825, 0.214876, 0.763069, 0.00867274], 
              [0.00632266, 0.0362435, 0.145909, 0.811525], 
              [0.0163112, 0.943484, 0.0343814, 0.00582317], 
              [0.786121, 0.0958838, 0.0825035, 0.035492], 
              [0.00989933, 0.334237, 0.256604, 0.39926], 
              [0.151658, 0.265551, 0.394649, 0.188142], 
              [0.105308, 0.378526, 0.372564, 0.143602]
            ],
            "pvalue": 7.72053e-10,
            "corrected_pvalue": 4.94886e-07
          }, {
            "db": 0,
            "id": "TBX15_HUMAN.H10MO.D",
            "len": 19,
            "motif_evalue": 0,
            "motif_nsites": 6952,
            "url": "http://hocomoco.autosome.ru/motif/TBX15_HUMAN.H10MO.D",
            "pwm": [
              [0.100768, 0.125652, 0.604058, 0.169522], 
              [0.0704898, 0.0714966, 0.714742, 0.143272], 
              [0.0703459, 0.0756679, 0.738763, 0.115223], 
              [0.0888651, 0.0979269, 0.641636, 0.171572], 
              [0.118352, 0.116914, 0.578778, 0.185956], 
              [0.104472, 0.0864918, 0.6804, 0.128636], 
              [0.0722877, 0.0630821, 0.748184, 0.116446], 
              [0.0844421, 0.0691952, 0.715892, 0.13047], 
              [0.146508, 0.10048, 0.590393, 0.162618], 
              [0.211847, 0.115619, 0.477948, 0.194586], 
              [0.146904, 0.0414704, 0.751025, 0.0606009], 
              [0.00576252, 0.00619404, 0.984438, 0.00360495], 
              [0.0191395, 0.015112, 0.958404, 0.00734474], 
              [0.167868, 0.203972, 0.048914, 0.579246], 
              [0.0116599, 0.00849545, 0.970055, 0.00979], 
              [0.0100058, 0.0102934, 0.878645, 0.101055], 
              [0.0241019, 0.0423694, 0.863111, 0.0704179], 
              [0.252805, 0.146796, 0.386574, 0.213825], 
              [0.236767, 0.128457, 0.450942, 0.183834]
            ],
            "pvalue": 1.1661e-09,
            "corrected_pvalue": 7.47467e-07
          }, {
            "db": 0,
            "id": "SP4_HUMAN.H10MO.D",
            "len": 22,
            "motif_evalue": 0,
            "motif_nsites": 495,
            "url": "http://hocomoco.autosome.ru/motif/SP4_HUMAN.H10MO.D",
            "pwm": [
              [0.179985, 0.116449, 0.679036, 0.0245296], 
              [0.105931, 0.0503278, 0.73654, 0.107201], 
              [0.122381, 0.0834409, 0.785253, 0.00892468], 
              [0.0248303, 0.0507906, 0.904877, 0.0195019], 
              [0.0252308, 0.0153603, 0.952618, 0.00679049], 
              [0.0653966, 0.879102, 0.0160571, 0.0394448], 
              [0.00790243, 0.0368933, 0.930594, 0.0246107], 
              [0.0407081, 0.0628228, 0.814099, 0.0823705], 
              [0.1291, 0.0470183, 0.765974, 0.0579078], 
              [0.0684118, 0.0658214, 0.83698, 0.0287872], 
              [0.0875429, 0.733109, 0.13316, 0.046188], 
              [0.0795463, 0.657546, 0.166947, 0.0959607], 
              [0.201953, 0.143467, 0.41447, 0.24011], 
              [0.0509806, 0.176459, 0.717336, 0.0552247], 
              [0.122203, 0.226101, 0.6102, 0.0414954], 
              [0.15096, 0.250281, 0.524363, 0.0743965], 
              [0.0814239, 0.34181, 0.491166, 0.0856], 
              [0.080874, 0.312435, 0.531966, 0.0747259], 
              [0.164909, 0.211, 0.556356, 0.0677358], 
              [0.171147, 0.213941, 0.518422, 0.0964905], 
              [0.0917693, 0.201087, 0.647679, 0.0594652], 
              [0.116652, 0.327003, 0.475622, 0.0807231]
            ],
            "pvalue": 5.55564e-09,
            "corrected_pvalue": 3.56116e-06
          }, {
            "db": 0,
            "id": "WT1_HUMAN.H10MO.D",
            "len": 13,
            "motif_evalue": 0,
            "motif_nsites": 44,
            "url": "http://hocomoco.autosome.ru/motif/WT1_HUMAN.H10MO.D",
            "pwm": [
              [0.0331764, 0.168519, 0.718173, 0.0801318], 
              [0.252762, 0.495825, 0.087037, 0.164375], 
              [0.020747, 0.0787508, 0.89909, 0.00141243], 
              [0.13123, 0.200282, 0.482015, 0.186472], 
              [0.0980854, 0.00141243, 0.89909, 0.00141243], 
              [0.0262712, 0.00141243, 0.879755, 0.0925612], 
              [0.00141243, 0.0290333, 0.954331, 0.0152228], 
              [0.158851, 0.592498, 0.0235091, 0.225141], 
              [0.00141243, 0.00141243, 0.995763, 0.00141243], 
              [0.0649404, 0.120182, 0.530352, 0.284526], 
              [0.189234, 0.0787508, 0.702982, 0.0290333], 
              [0.0732266, 0.125706, 0.618738, 0.182329], 
              [0.0532015, 0.205116, 0.663622, 0.0780603]
            ],
            "pvalue": 6.21117e-09,
            "corrected_pvalue": 3.98135e-06
          }, {
            "db": 0,
            "id": "MAZ_HUMAN.H10MO.A",
            "len": 22,
            "motif_evalue": 0,
            "motif_nsites": 500,
            "url": "http://hocomoco.autosome.ru/motif/MAZ_HUMAN.H10MO.A",
            "pwm": [
              [0.0620822, 0.0591123, 0.860319, 0.0184864], 
              [0.0124469, 0.0283068, 0.948729, 0.0105172], 
              [0.00750113, 0.0219239, 0.968511, 0.00206369], 
              [0.418779, 0.521952, 0.00631212, 0.0529562], 
              [0.00711215, 0.0188461, 0.973917, 0.000124938], 
              [0.01202, 0.0199993, 0.962171, 0.00580917], 
              [0.13264, 0.0691561, 0.759333, 0.0388706], 
              [0.0492663, 0.045809, 0.896671, 0.0082539], 
              [0.109494, 0.387286, 0.46115, 0.0420698], 
              [0.132436, 0.431021, 0.374903, 0.06164], 
              [0.145386, 0.116959, 0.648532, 0.089123], 
              [0.177525, 0.201933, 0.596545, 0.0239972], 
              [0.181266, 0.125006, 0.646398, 0.04733], 
              [0.139376, 0.162289, 0.670669, 0.0276659], 
              [0.139968, 0.143487, 0.665649, 0.0508954], 
              [0.187131, 0.216012, 0.541236, 0.0556205], 
              [0.123575, 0.136608, 0.701525, 0.0382922], 
              [0.168258, 0.195899, 0.612269, 0.0235741], 
              [0.0776687, 0.177016, 0.714962, 0.0303533], 
              [0.151744, 0.223171, 0.585963, 0.0391228], 
              [0.0731261, 0.154122, 0.732471, 0.0402813], 
              [0.0607707, 0.233462, 0.629297, 0.0764699]
            ],
            "pvalue": 9.79792e-09,
            "corrected_pvalue": 6.28045e-06
          }, {
            "db": 0,
            "id": "JUNB_HUMAN.H10MO.C",
            "len": 11,
            "motif_evalue": 0,
            "motif_nsites": 500,
            "url": "http://hocomoco.autosome.ru/motif/JUNB_HUMAN.H10MO.C",
            "pwm": [
              [0.158992, 0.220261, 0.457267, 0.16348], 
              [0.182432, 0.213141, 0.391576, 0.212851], 
              [0.413817, 0.246503, 0.33556, 0.00412066], 
              [0.00902222, 0.00594886, 0.00439132, 0.980638], 
              [0.00192131, 0.00581966, 0.967531, 0.0247281], 
              [0.988592, 0.000124938, 0.000124938, 0.0111586], 
              [0.0190482, 0.000124938, 0.980702, 0.000124938], 
              [0.00339099, 0.0130243, 0.00465516, 0.97893], 
              [0.011029, 0.975748, 0.013098, 0.000124938], 
              [0.981604, 0.0115481, 0.000124938, 0.00672254], 
              [0.00553819, 0.431499, 0.128834, 0.434128]
            ],
            "pvalue": 2.41547e-08,
            "corrected_pvalue": 1.54831e-05
          }, {
            "db": 0,
            "id": "KLF16_HUMAN.H10MO.D",
            "len": 19,
            "motif_evalue": 0,
            "motif_nsites": 650,
            "url": "http://hocomoco.autosome.ru/motif/KLF16_HUMAN.H10MO.D",
            "pwm": [
              [0.193099, 0.162341, 0.449923, 0.194637], 
              [0.0977509, 0.120819, 0.529892, 0.251538], 
              [0.0612265, 0.0335448, 0.859381, 0.0458478], 
              [0.00816993, 0.0220108, 0.949346, 0.0204729], 
              [0.0343137, 0.00816993, 0.920127, 0.0373895], 
              [0.127739, 0.484525, 0.0123991, 0.375336], 
              [0.0458478, 0.0135525, 0.891676, 0.0489235], 
              [0.0393118, 0.0300846, 0.565263, 0.36534], 
              [0.066609, 0.00509419, 0.872453, 0.0558439], 
              [0.155421, 0.049308, 0.52451, 0.270761], 
              [0.140042, 0.267686, 0.35842, 0.233852], 
              [0.189254, 0.0877547, 0.592176, 0.130815], 
              [0.0739139, 0.0323914, 0.809016, 0.084679], 
              [0.0616109, 0.0646867, 0.787486, 0.0862168], 
              [0.0769896, 0.0693003, 0.676759, 0.176951], 
              [0.0719915, 0.1089, 0.697905, 0.121203], 
              [0.0585352, 0.126201, 0.710592, 0.104671], 
              [0.0416186, 0.104671, 0.713668, 0.140042], 
              [0.103133, 0.146194, 0.522972, 0.227701]
            ],
            "pvalue": 3.33851e-08,
            "corrected_pvalue": 2.13996e-05
          }, {
            "db": 0,
            "id": "SP2_HUMAN.H10MO.C",
            "len": 22,
            "motif_evalue": 0,
            "motif_nsites": 499,
            "url": "http://hocomoco.autosome.ru/motif/SP2_HUMAN.H10MO.C",
            "pwm": [
              [0.128567, 0.25015, 0.568934, 0.0523489], 
              [0.180025, 0.246123, 0.522808, 0.0510446], 
              [0.150795, 0.282163, 0.504525, 0.0625171], 
              [0.154551, 0.318653, 0.420488, 0.106309], 
              [0.287953, 0.222113, 0.384286, 0.105648], 
              [0.17524, 0.100176, 0.656641, 0.0679427], 
              [0.140058, 0.0558448, 0.705887, 0.0982102], 
              [0.296002, 0.0549694, 0.630296, 0.0187328], 
              [0.0378995, 0.00436371, 0.91827, 0.0394669], 
              [0.0122897, 0.0209558, 0.956573, 0.0101816], 
              [0.0435244, 0.889421, 0.0129219, 0.0541327], 
              [0.0324666, 0.0164891, 0.899974, 0.0510707], 
              [0.0126675, 0.0202447, 0.934247, 0.0328407], 
              [0.0993866, 0.0869674, 0.785781, 0.0278652], 
              [0.220802, 0.177611, 0.58154, 0.0200473], 
              [0.103898, 0.604519, 0.218666, 0.072918], 
              [0.0501572, 0.507995, 0.233446, 0.208402], 
              [0.201333, 0.190222, 0.392521, 0.215924], 
              [0.129722, 0.236984, 0.526393, 0.106901], 
              [0.182051, 0.257936, 0.465931, 0.0940826], 
              [0.150562, 0.185523, 0.589136, 0.0747798], 
              [0.122787, 0.326328, 0.494797, 0.0560883]
            ],
            "pvalue": 3.60275e-08,
            "corrected_pvalue": 2.30934e-05
          }, {
            "db": 0,
            "id": "SMRC1_HUMAN.H10MO.D",
            "len": 11,
            "motif_evalue": 0,
            "motif_nsites": 500,
            "url": "http://hocomoco.autosome.ru/motif/SMRC1_HUMAN.H10MO.D",
            "pwm": [
              [0.141341, 0.314421, 0.419104, 0.125134], 
              [0.183107, 0.238335, 0.371786, 0.206772], 
              [0.23946, 0.436291, 0.294102, 0.0301474], 
              [0.0929457, 0.0119923, 0.013716, 0.881346], 
              [0.00205501, 0.0334348, 0.939322, 0.0251883], 
              [0.900831, 0.0176984, 0.0550789, 0.0263913], 
              [0.00618844, 0.0022287, 0.96139, 0.0301925], 
              [0.00773102, 0.0714325, 0.0827256, 0.838111], 
              [0.0357836, 0.944527, 0.0157048, 0.00398461], 
              [0.909039, 0.0492431, 0.00579341, 0.0359242], 
              [0.0180446, 0.446132, 0.304059, 0.231764]
            ],
            "pvalue": 5.76374e-08,
            "corrected_pvalue": 3.69449e-05
          }, {
            "db": 0,
            "id": "KLF14_HUMAN.H10MO.D",
            "len": 13,
            "motif_evalue": 0,
            "motif_nsites": 2224,
            "url": "http://hocomoco.autosome.ru/motif/KLF14_HUMAN.H10MO.D",
            "pwm": [
              [0.347224, 0.107143, 0.318, 0.227633], 
              [0.369478, 0.0682533, 0.397353, 0.164915], 
              [0.128161, 0.0148646, 0.837614, 0.0193605], 
              [0.0168877, 0.00609756, 0.620237, 0.356778], 
              [0.0085703, 2.80994e-05, 0.991373, 2.80994e-05], 
              [2.80994e-05, 2.80994e-05, 0.999916, 2.80994e-05], 
              [2.80994e-05, 2.80994e-05, 0.999017, 0.000927279], 
              [0.00767113, 0.956305, 0.00767113, 0.0283523], 
              [0.00137687, 0.000927279, 0.996319, 0.00137687], 
              [0.00126447, 0.00396201, 0.0920816, 0.902692], 
              [0.0816286, 0.0195853, 0.875604, 0.023182], 
              [0.157047, 0.0909576, 0.579662, 0.172333], 
              [0.126363, 0.444672, 0.143897, 0.285068]
            ],
            "pvalue": 1.66981e-07,
            "corrected_pvalue": 0.000107029
          }, {
            "db": 0,
            "id": "TFDP1_HUMAN.H10MO.D",
            "len": 22,
            "motif_evalue": 0,
            "motif_nsites": 500,
            "url": "http://hocomoco.autosome.ru/motif/TFDP1_HUMAN.H10MO.D",
            "pwm": [
              [0.200544, 0.244251, 0.483686, 0.0715188], 
              [0.189906, 0.284907, 0.428025, 0.0971619], 
              [0.120064, 0.26052, 0.518404, 0.101012], 
              [0.234072, 0.259191, 0.420828, 0.0859096], 
              [0.177049, 0.304221, 0.454924, 0.0638071], 
              [0.172147, 0.348862, 0.397073, 0.0819183], 
              [0.154721, 0.188845, 0.490237, 0.166197], 
              [0.161436, 0.299559, 0.45751, 0.0814948], 
              [0.173949, 0.227002, 0.483373, 0.115676], 
              [0.191677, 0.271407, 0.448491, 0.0884248], 
              [0.26168, 0.296217, 0.376095, 0.066009], 
              [0.272151, 0.140158, 0.498466, 0.0892251], 
              [0.202273, 0.112128, 0.563499, 0.1221], 
              [0.223393, 0.14438, 0.53768, 0.0945468], 
              [0.0212699, 0.100813, 0.865402, 0.0125154], 
              [0.00416399, 0.0132019, 0.972846, 0.00978795], 
              [0.0583347, 0.906599, 0.000124938, 0.0349415], 
              [0.00573011, 0.0147547, 0.951923, 0.0275924], 
              [0.0210878, 0.0118069, 0.949102, 0.0180031], 
              [0.128871, 0.0425802, 0.810609, 0.017939], 
              [0.595178, 0.0403324, 0.336339, 0.02815], 
              [0.394128, 0.326525, 0.262002, 0.0173453]
            ],
            "pvalue": 2.92631e-07,
            "corrected_pvalue": 0.000187559
          }, {
            "db": 0,
            "id": "ARNT2_HUMAN.H10MO.D",
            "len": 12,
            "motif_evalue": 0,
            "motif_nsites": 18,
            "url": "http://hocomoco.autosome.ru/motif/ARNT2_HUMAN.H10MO.D",
            "pwm": [
              [0.194029, 0.0851122, 0.581288, 0.139571], 
              [0.1668, 0.281767, 0.330175, 0.221258], 
              [0.00342466, 0.656925, 0.221258, 0.118392], 
              [0.00342466, 0.057883, 0.935268, 0.00342466], 
              [0.00342466, 0.00342466, 0.057883, 0.935268], 
              [0.00342466, 0.057883, 0.935268, 0.00342466], 
              [0.057883, 0.00342466, 0.874758, 0.0639339], 
              [0.1668, 0.330175, 0.390684, 0.112341], 
              [0.554059, 0.00342466, 0.275716, 0.1668], 
              [0.00342466, 0.330175, 0.554059, 0.112341], 
              [0.390684, 0.00342466, 0.49355, 0.112341], 
              [0.139571, 0.581288, 0.194029, 0.0851122]
            ],
            "pvalue": 4.17839e-07,
            "corrected_pvalue": 0.000267799
          }, {
            "db": 0,
            "id": "BHE40_HUMAN.H10MO.A",
            "len": 9,
            "motif_evalue": 0,
            "motif_nsites": 2037,
            "url": "http://hocomoco.autosome.ru/motif/BHE40_HUMAN.H10MO.A",
            "pwm": [
              [0.109775, 0.00557606, 0.588975, 0.295674], 
              [0.0828405, 0.915791, 0.000698216, 0.000670705], 
              [0.979484, 0.0204543, 3.06786e-05, 3.06786e-05], 
              [0.00162357, 0.944033, 0.0336136, 0.0207303], 
              [0.0503203, 0.00208663, 0.94604, 0.00155312], 
              [0.0451643, 0.0269707, 0.0117128, 0.916152], 
              [3.06786e-05, 3.06786e-05, 0.999908, 3.06786e-05], 
              [0.68611, 0.148595, 0.0850341, 0.0802608], 
              [0.0746536, 0.51092, 0.302568, 0.111858]
            ],
            "pvalue": 5.13071e-07,
            "corrected_pvalue": 0.000328824
          }, {
            "db": 0,
            "id": "TBX1_HUMAN.H10MO.D",
            "len": 20,
            "motif_evalue": 0,
            "motif_nsites": 4716,
            "url": "http://hocomoco.autosome.ru/motif/TBX1_HUMAN.H10MO.D",
            "pwm": [
              [0.114723, 0.0780413, 0.713292, 0.0939438], 
              [0.0846144, 0.0797376, 0.731739, 0.103909], 
              [0.0670686, 0.0795786, 0.740273, 0.11308], 
              [0.166194, 0.231924, 0.183369, 0.418513], 
              [0.0648423, 0.0504241, 0.832613, 0.0521203], 
              [0.050159, 0.0393453, 0.809237, 0.101259], 
              [0.0540286, 0.0273125, 0.870355, 0.0483037], 
              [0.192486, 0.409608, 0.147323, 0.250583], 
              [0.801391, 0.0395574, 0.110164, 0.0488868], 
              [0.017824, 0.0152796, 0.948436, 0.0184601], 
              [0.00382984, 0.00595017, 0.974516, 0.0157037], 
              [0.00340578, 0.0140074, 0.753578, 0.229009], 
              [0.00663928, 0.00875961, 0.975205, 0.00939571], 
              [0.0743308, 0.219785, 0.0495229, 0.656361], 
              [0.00520806, 0.00838855, 0.957448, 0.0289557], 
              [0.213053, 0.0042009, 0.775576, 0.00716936], 
              [0.17669, 0.0166048, 0.77229, 0.0344156], 
              [0.238921, 0.401763, 0.174039, 0.185277], 
              [0.263729, 0.104492, 0.341545, 0.290233], 
              [0.20982, 0.127763, 0.374781, 0.287636]
            ],
            "pvalue": 5.41523e-07,
            "corrected_pvalue": 0.000347056
          }, {
            "db": 0,
            "id": "PURA_HUMAN.H10MO.D",
            "len": 17,
            "motif_evalue": 0,
            "motif_nsites": 13,
            "url": "http://hocomoco.autosome.ru/motif/PURA_HUMAN.H10MO.D",
            "pwm": [
              [0.160806, 0.0914332, 0.656327, 0.0914332], 
              [0.153373, 0.0641795, 0.77773, 0.00471698], 
              [0.510149, 0.00471698, 0.153373, 0.331761], 
              [0.420955, 0.193015, 0.30203, 0.0840004], 
              [0.07409, 0.00471698, 0.510149, 0.411044], 
              [0.07409, 0.143463, 0.460597, 0.321851], 
              [0.00471698, 0.153373, 0.619163, 0.222746], 
              [0.0939108, 0.00471698, 0.757909, 0.143463], 
              [0.212836, 0.153373, 0.321851, 0.31194], 
              [0.173194, 0.00471698, 0.579522, 0.242567], 
              [0.00471698, 0.00471698, 0.797551, 0.193015], 
              [0.07409, 0.222746, 0.599342, 0.103821], 
              [0.163284, 0.678626, 0.153373, 0.00471698], 
              [0.430865, 0.232657, 0.331761, 0.00471698], 
              [0.07409, 0.00471698, 0.520059, 0.401134], 
              [0.31194, 0.00471698, 0.678626, 0.00471698], 
              [0.0394035, 0.108776, 0.723223, 0.128597]
            ],
            "pvalue": 4.68476e-06,
            "corrected_pvalue": 0.00299843
          }, {
            "db": 0,
            "id": "EGR1_HUMAN.H10MO.S",
            "len": 11,
            "motif_evalue": 0,
            "motif_nsites": 1887,
            "url": "http://hocomoco.autosome.ru/motif/EGR1_HUMAN.H10MO.S",
            "pwm": [
              [0.15152, 0.188548, 0.318447, 0.341485], 
              [0.0440302, 0.0602743, 0.882686, 0.0130097], 
              [0.0600059, 0.828204, 0.0186562, 0.0931341], 
              [0.00365133, 0.00102292, 0.99345, 0.00187611], 
              [0.00931175, 0.0134134, 0.490668, 0.486606], 
              [0.075918, 0.0193466, 0.902067, 0.00266859], 
              [0.0255228, 0.0658259, 0.901021, 0.0076307], 
              [0.0119685, 0.010307, 0.977691, 3.3117e-05], 
              [0.0891294, 0.74837, 0.00697896, 0.155522], 
              [0.0216419, 0.00728111, 0.955558, 0.0155191], 
              [0.0906119, 0.0648909, 0.609492, 0.235006]
            ],
            "pvalue": 7.65937e-06,
            "corrected_pvalue": 0.00489762
          }, {
            "db": 0,
            "id": "ZN219_HUMAN.H10MO.D",
            "len": 12,
            "motif_evalue": 0,
            "motif_nsites": 26,
            "url": "http://hocomoco.autosome.ru/motif/ZN219_HUMAN.H10MO.D",
            "pwm": [
              [0.149481, 0.165826, 0.505791, 0.178901], 
              [0.443682, 0.0334355, 0.283506, 0.239376], 
              [0.031801, 0.017091, 0.875177, 0.0759312], 
              [0.00238095, 0.0906412, 0.875177, 0.031801], 
              [0.00238095, 0.017091, 0.786917, 0.193612], 
              [0.0187254, 0.031801, 0.917672, 0.031801], 
              [0.00238095, 0.017091, 0.963437, 0.017091], 
              [0.017091, 0.00238095, 0.978147, 0.00238095], 
              [0.0334355, 0.430607, 0.151116, 0.384842], 
              [0.0465111, 0.178901, 0.742786, 0.031801], 
              [0.00238095, 0.0465111, 0.904597, 0.0465111], 
              [0.568309, 0.125373, 0.0648986, 0.241419]
            ],
            "pvalue": 9.50698e-06,
            "corrected_pvalue": 0.00607545
          }, {
            "db": 0,
            "id": "NF2L2_HUMAN.H10MO.D",
            "len": 12,
            "motif_evalue": 0,
            "motif_nsites": 92,
            "url": "http://hocomoco.autosome.ru/motif/NF2L2_HUMAN.H10MO.D",
            "pwm": [
              [0.239673, 0.382029, 0.254522, 0.123777], 
              [0.436674, 0.138968, 0.401085, 0.0232719], 
              [0.0635823, 0.00709637, 0.0902848, 0.839037], 
              [0.0171098, 0.0838659, 0.855055, 0.0439691], 
              [0.908617, 0.00889365, 0.0140287, 0.0684607], 
              [0.0592175, 0.671776, 0.123206, 0.145801], 
              [0.252211, 0.107801, 0.0614284, 0.57856], 
              [0.222271, 0.608343, 0.0542393, 0.115147], 
              [0.720202, 0.0407312, 0.189962, 0.0491042], 
              [0.0419151, 0.0427852, 0.900244, 0.0150558], 
              [0.0551094, 0.846996, 0.030461, 0.0674336], 
              [0.771139, 0.110625, 0.0673337, 0.0509015]
            ],
            "pvalue": 9.83675e-06,
            "corrected_pvalue": 0.00628552
          }, {
            "db": 0,
            "id": "FOSB_HUMAN.H10MO.C",
            "len": 11,
            "motif_evalue": 0,
            "motif_nsites": 486,
            "url": "http://hocomoco.autosome.ru/motif/FOSB_HUMAN.H10MO.C",
            "pwm": [
              [0.214052, 0.142171, 0.488363, 0.155414], 
              [0.363826, 0.136864, 0.484853, 0.0144573], 
              [0.000128535, 0.000128535, 0.00454142, 0.995202], 
              [0.000128535, 0.000128535, 0.989361, 0.0103815], 
              [0.997581, 0.000128535, 0.00216232, 0.000128535], 
              [0.000128535, 0.944358, 0.000128535, 0.0553854], 
              [0.0128826, 0.00212415, 0.000128535, 0.984865], 
              [0.0204984, 0.97719, 0.00218266, 0.000128535], 
              [0.999614, 0.000128535, 0.000128535, 0.000128535], 
              [0.014063, 0.353769, 0.212305, 0.419863], 
              [0.210918, 0.370838, 0.180251, 0.237994]
            ],
            "pvalue": 1.04936e-05,
            "corrected_pvalue": 0.0067038
          }, {
            "db": 0,
            "id": "THB_HUMAN.H10MO.C",
            "len": 17,
            "motif_evalue": 0,
            "motif_nsites": 35,
            "url": "http://hocomoco.autosome.ru/motif/THB_HUMAN.H10MO.C",
            "pwm": [
              [0.225924, 0.192717, 0.498227, 0.0831317], 
              [0.566303, 0.00177305, 0.310604, 0.12132], 
              [0.154528, 0.290679, 0.506529, 0.0482637], 
              [0.111358, 0.303962, 0.523133, 0.0615468], 
              [0.00177305, 0.290679, 0.141245, 0.566303], 
              [0.144566, 0.483284, 0.277396, 0.0947544], 
              [0.659284, 0.12132, 0.108037, 0.111358], 
              [0.0781506, 0.340491, 0.410227, 0.171132], 
              [0.317245, 0.25083, 0.383661, 0.0482637], 
              [0.00177305, 0.0615468, 0.234226, 0.702454], 
              [0.0947544, 0.456717, 0.416868, 0.0316599], 
              [0.964794, 0.00177305, 0.0316599, 0.00177305], 
              [0.00177305, 0.00177305, 0.921624, 0.0748298], 
              [0.00177305, 0.00177305, 0.964794, 0.0316599], 
              [0.277396, 0.00177305, 0.0250184, 0.695812], 
              [0.0549052, 0.81536, 0.0980751, 0.0316599], 
              [0.851888, 0.144566, 0.00177305, 0.00177305]
            ],
            "pvalue": 1.41664e-05,
            "corrected_pvalue": 0.00903954
          }, {
            "db": 0,
            "id": "PROX1_HUMAN.H10MO.D",
            "len": 17,
            "motif_evalue": 0,
            "motif_nsites": 773,
            "url": "http://hocomoco.autosome.ru/motif/PROX1_HUMAN.H10MO.D",
            "pwm": [
              [0.149774, 0.161413, 0.431701, 0.257113], 
              [0.16109, 0.152037, 0.458535, 0.228338], 
              [0.131992, 0.146217, 0.495393, 0.226398], 
              [0.0789686, 0.115179, 0.376414, 0.429437], 
              [0.53807, 0.0311187, 0.258729, 0.172082], 
              [0.491513, 0.0104268, 0.478581, 0.0194795], 
              [0.0265923, 0.00460718, 0.951261, 0.0175396], 
              [0.262932, 0.00428387, 0.701342, 0.031442], 
              [0.181135, 0.554882, 0.0531038, 0.210879], 
              [0.0362916, 0.00266731, 0.900178, 0.0608632], 
              [0.0246524, 0.0815551, 0.465648, 0.428144], 
              [0.016893, 0.443663, 0.499273, 0.0401714], 
              [0.153977, 0.0453443, 0.275542, 0.525137], 
              [0.0828484, 0.0737957, 0.296233, 0.547123], 
              [0.180812, 0.125202, 0.604995, 0.0889913], 
              [0.154623, 0.0822017, 0.618898, 0.144277], 
              [0.214113, 0.132638, 0.463708, 0.189541]
            ],
            "pvalue": 2.17169e-05,
            "corrected_pvalue": 0.0138241
          }, {
            "db": 0,
            "id": "ELF2_HUMAN.H10MO.C",
            "len": 17,
            "motif_evalue": 0,
            "motif_nsites": 181,
            "url": "http://hocomoco.autosome.ru/motif/ELF2_HUMAN.H10MO.C",
            "pwm": [
              [0.235042, 0.260477, 0.454534, 0.0499463], 
              [0.393182, 0.174444, 0.368445, 0.0639289], 
              [0.530054, 0.0487608, 0.306769, 0.114416], 
              [0.250352, 0.289873, 0.382982, 0.0767929], 
              [0.0282142, 0.507135, 0.431448, 0.0332032], 
              [0.266755, 0.706761, 0.0211213, 0.00536259], 
              [0.0160825, 0.00583294, 0.951953, 0.0261314], 
              [0.00560019, 0.000344828, 0.99371, 0.000344828], 
              [0.91419, 0.00561683, 0.0798479, 0.000344828], 
              [0.944823, 0.00557027, 0.0165135, 0.0330932], 
              [0.0543513, 0.000344828, 0.939318, 0.00598597], 
              [0.0692519, 0.356053, 0.186582, 0.388113], 
              [0.26998, 0.169884, 0.50072, 0.0594164], 
              [0.208955, 0.237277, 0.464677, 0.0890912], 
              [0.266985, 0.284306, 0.370622, 0.0780873], 
              [0.289206, 0.173814, 0.43933, 0.0976495], 
              [0.209599, 0.285402, 0.449474, 0.055525]
            ],
            "pvalue": 4.84199e-05,
            "corrected_pvalue": 0.0305605
          }, {
            "db": 0,
            "id": "IRX2_HUMAN.H10MO.D",
            "len": 19,
            "motif_evalue": 0,
            "motif_nsites": 19306,
            "url": "http://hocomoco.autosome.ru/motif/IRX2_HUMAN.H10MO.D",
            "pwm": [
              [0.409624, 0.178974, 0.237918, 0.173483], 
              [0.174688, 0.429165, 0.204574, 0.191573], 
              [0.422289, 0.128187, 0.222354, 0.227171], 
              [0.151534, 0.156403, 0.305008, 0.387054], 
              [0.129987, 0.0788119, 0.640754, 0.150447], 
              [0.177653, 0.100735, 0.434513, 0.287099], 
              [0.139272, 0.212616, 0.361376, 0.286737], 
              [0.285908, 0.0490936, 0.24763, 0.417368], 
              [0.080832, 0.0393946, 0.447656, 0.432117], 
              [0.13887, 0.0292684, 0.636688, 0.195173], 
              [0.22462, 0.0283101, 0.386484, 0.360586], 
              [0.0672871, 0.729922, 0.0462577, 0.156533], 
              [0.493082, 0.00127226, 0.458378, 0.0472677], 
              [0.00132405, 0.00588216, 0.333393, 0.659401], 
              [0.00119456, 0.00103917, 0.996986, 0.000780188], 
              [0.0509323, 0.0562674, 0.129715, 0.763085], 
              [0.336604, 0.0830592, 0.232027, 0.34831], 
              [0.241065, 0.215788, 0.397388, 0.145759], 
              [0.189799, 0.137433, 0.414183, 0.258585]
            ],
            "pvalue": 5.73164e-05,
            "corrected_pvalue": 0.0360731
          }, {
            "db": 0,
            "id": "ZN639_HUMAN.H10MO.D",
            "len": 20,
            "motif_evalue": 0,
            "motif_nsites": 179,
            "url": "http://hocomoco.autosome.ru/motif/ZN639_HUMAN.H10MO.D",
            "pwm": [
